1631,1631,1631,1631,1631,1631,1631,1631,1631,1631,1631,1631,1631,1631,1631,1631,1630,1630,1630,1631
1631,1631,1631,1631,1631,1631,1631,1631,1631,1631,1631,1631,1631,1631,1631,1631,1631,1631,1631,1631
1631,1631,1631,1631,1631,1631,1631,1631,1631,1631,1631,1631,1631,1631,1631,1631,1631,1631,1631,1631
1631,1631,1631,1631,1631,1631,1631,1631,1631,1631,1631,1631,1631,1631,1631,1631,1631,1631,1631,1631
1631,1631,1631,1631,1631,1631,1631,1631,1631,1631,1631,1631,1631,1631,1631,1631,1631,1631,1631,1631
1631,1631,1631,1631,1631,1631,1631,1631,1631,1631,1631,1631,1631,1631,1631,1631,1631,1631,1631,1631
1631,1631,1631,1631,1631,1631,1631,1631,1631,1631,1631,1631,1631,1631,1631,1631,1631,1631,1631,1631
1631,1631,1631,1631,1631,1631,1631,1631,1631,1631,1631,1631,1631,1631,1631,1631,1631,1631,1631,1631
1631,1631,1631,1631,1631,1631,1631,1631,1631,1631,1631,1631,1631,1631,1631,1631,1631,1631,1631,1631
1631,1631,1631,1631,1631,1631,1631,1631,1631,1631,1631,1631,1631,1631,1631,1631,1631,1631,1631,1631
1631,1631,1631,1631,1631,1631,1631,1631,1631,1631,1631,1631,1631,1631,1631,1631,1631,1631,1631,1631
1631,1631,1631,1631,1631,1631,1631,1631,1631,1631,1631,1631,1631,1631,1631,1631,1631,1631,1631,1631
1631,1631,1631,1631,1631,1631,1631,1631,1631,1631,1631,1631,1631,1631,1631,1631,1631,1631,1631,1631
1631,1631,1631,1631,1631,1631,1631,1631,1631,1631,1631,1631,1631,1631,1631,1631,1631,1631,1631,1631
1631,1631,1631,1631,1631,1631,1631,1631,1631,1631,1631,1631,1631,1631,1631,1631,1631,1631,1631,1631
1631,1631,1631,1631,1631,1631,1631,1631,1631,1631,1631,1631,1631,1631,1631,1631,1631,1631,1631,1631
1631,1631,1631,1631,1631,1631,1631,1631,1631,1631,1631,1631,1631,1631,1631,1631,1631,1631,1631,1631
1631,1631,1631,1631,1631,1631,1631,1631,1631,1631,1631,1631,1631,1631,1631,1631,1631,1631,1631,1631
1631,1631,1631,1631,1631,1631,1631,1631,1631,1631,1631,1631,1631,1631,1631,1631,1631,1631,1631,1631
1631,1631,1631,1631,1631,1631,1631,1631,1631,1631,1631,1631,1631,1631,1631,1631,1631,1631,1631,1631
1631,1631,1631,1631,1631,1631,1631,1631,1631,1631,1631,1631,1631,1631,1631,1631,1631,1631,1631,1631
1631,1631,1631,1631,1631,1631,1631,1631,1631,1631,1631,1631,1631,1631,1631,1631,1631,1631,1631,1631
1631,1631,1631,1631,1631,1631,1631,1631,1631,1631,1631,1631,1631,1631,1631,1631,1631,1631,1631,1631
1631,1631,1631,1631,1631,1631,1631,1631,1631,1631,1631,1631,1631,1631,1631,1631,1631,1631,1631,1631
1631,1631,1631,1631,1631,1631,1631,1631,1631,1631,1631,1631,1631,1631,1631,1631,1631,1631,1631,1631
[METADATA]
