204,204,204,204,204,204,204,204,204,204,204,204,204,204,204,204,204,204,204,204,204,204,204,204,204,204,204,204,204,204,204,204,204,204,204,204,204,204,204,204,204,204,204,204,204,204,204,204,204,204
204,204,204,204,204,204,204,204,204,204,204,204,204,204,204,204,204,204,204,204,204,204,204,204,204,204,204,204,204,204,204,204,204,204,204,204,204,204,204,204,204,204,204,204,204,204,204,204,204,204
204,204,204,204,204,204,204,204,204,204,204,204,204,204,204,204,204,204,204,204,204,204,204,204,204,204,204,204,204,204,204,204,204,204,204,204,204,204,204,204,204,204,204,204,204,204,204,204,204,204
204,204,204,204,204,204,204,204,204,204,204,204,204,204,204,204,204,204,204,204,204,204,204,204,204,204,204,204,204,204,204,204,204,204,204,204,204,204,204,204,204,204,204,204,204,204,204,204,204,204
204,204,204,204,204,204,204,204,204,204,204,204,204,204,204,204,204,204,204,204,204,204,204,204,204,204,204,204,204,204,204,204,204,204,204,204,204,204,204,204,204,204,204,204,204,204,204,204,204,204
204,204,204,204,204,204,204,204,204,204,204,204,204,204,204,204,204,204,204,204,204,204,204,204,204,204,204,204,204,204,204,204,204,204,204,204,204,204,204,204,204,204,204,204,204,204,204,204,204,204
204,204,204,204,204,204,204,204,204,204,204,204,204,204,204,204,204,204,204,204,204,204,204,204,204,204,204,204,204,204,204,204,204,204,204,204,204,204,204,204,204,204,204,204,204,204,204,204,204,204
204,204,204,204,204,204,204,204,204,204,204,204,204,204,204,204,204,204,204,204,204,204,204,204,204,204,204,204,204,204,204,204,204,204,204,204,204,204,204,204,204,204,204,204,204,204,204,204,204,204
204,204,204,204,204,204,204,204,204,204,204,204,204,204,204,204,204,204,204,204,204,204,204,204,204,204,204,204,204,204,204,204,204,204,204,204,204,204,204,204,204,204,204,204,204,204,204,204,204,204
204,204,204,204,204,204,204,204,204,204,204,204,204,204,204,204,204,204,204,204,204,204,204,204,204,204,204,204,204,204,204,204,204,204,204,204,204,204,204,204,204,204,204,204,204,204,204,204,204,204
204,204,204,204,204,204,204,204,204,204,204,204,204,204,204,204,204,204,204,204,204,204,204,204,204,204,204,204,204,204,204,204,204,204,204,204,204,204,204,204,204,204,204,204,204,204,204,204,204,204
204,204,204,204,204,204,204,204,204,204,204,204,204,204,204,204,204,204,204,204,204,204,204,204,204,204,204,204,204,204,204,204,204,204,204,204,204,204,204,204,204,204,204,204,204,204,204,204,204,204
204,204,204,204,204,204,204,204,204,204,204,204,204,204,204,204,204,204,204,204,204,204,204,204,204,204,204,204,204,204,204,204,204,204,204,204,204,204,204,204,204,204,204,204,204,204,204,204,204,204
204,204,204,204,204,204,204,204,204,204,204,204,204,204,204,204,204,204,204,204,204,204,204,204,204,204,204,204,204,204,204,204,204,204,204,204,204,204,204,204,204,204,204,204,204,204,204,204,204,204
204,204,204,204,204,204,204,204,204,204,204,204,204,204,204,204,204,204,204,204,204,204,204,204,204,204,204,204,204,204,204,204,204,204,204,204,204,204,204,204,204,204,204,204,204,204,204,204,204,204
204,204,204,204,204,204,204,204,204,204,204,204,204,204,204,204,204,204,204,204,204,204,204,204,204,204,204,204,204,204,204,204,204,204,204,204,204,204,204,204,204,204,204,204,204,204,204,204,204,204
204,204,204,204,204,204,204,204,204,204,204,204,204,204,204,204,204,204,204,204,204,204,204,204,204,204,204,204,204,204,204,204,204,204,204,204,204,204,204,204,204,204,204,204,204,204,204,204,204,204
204,204,204,204,204,204,204,204,204,204,204,204,204,204,204,204,204,204,204,204,204,204,204,204,204,204,204,204,204,204,204,204,204,204,204,204,204,204,204,204,204,204,204,204,204,204,204,204,204,204
204,204,204,204,204,204,204,204,204,204,204,204,204,204,204,204,204,204,204,204,204,204,204,204,204,204,204,204,204,204,204,204,204,204,204,204,204,204,204,204,204,204,204,204,204,204,204,204,204,204
204,204,204,204,204,204,204,204,204,204,204,204,204,204,204,204,204,204,204,204,204,204,204,204,204,204,204,204,204,204,204,204,204,204,204,204,204,204,204,204,204,204,204,204,204,204,204,204,204,204
204,204,204,204,204,204,204,204,204,204,204,204,204,204,204,204,204,204,204,204,204,204,204,204,204,204,204,204,204,204,204,204,204,204,204,204,204,204,204,204,204,204,204,204,204,204,204,204,204,204
204,204,204,204,204,204,204,204,204,204,204,204,204,204,204,204,204,204,204,204,204,204,204,204,204,204,204,204,204,204,204,204,204,204,204,204,204,204,204,204,204,204,204,204,204,204,204,204,204,204
204,204,204,204,204,204,204,204,204,204,204,204,204,204,204,204,204,204,204,204,204,204,204,204,204,204,204,204,204,204,204,204,204,204,204,204,204,204,204,204,204,204,204,204,204,204,204,204,204,204
204,204,204,204,204,204,204,204,204,204,204,204,204,204,204,204,204,204,204,204,204,204,204,204,204,204,204,204,204,204,204,204,204,204,204,204,204,204,204,204,204,204,204,204,204,204,204,204,204,204
204,204,204,204,204,204,204,204,204,204,204,204,204,204,204,204,204,204,204,204,204,204,204,204,204,204,204,204,204,204,204,204,204,204,204,204,204,204,204,204,204,204,204,204,204,204,204,204,204,204
204,204,204,204,204,204,204,204,204,204,204,204,204,204,204,204,204,204,204,204,204,204,204,204,204,204,204,204,204,204,204,204,204,204,204,204,204,204,204,204,204,204,204,204,204,204,204,204,204,204
204,204,204,204,204,204,204,204,204,204,204,204,204,204,204,204,204,204,204,204,204,204,204,204,204,204,204,204,204,204,204,204,204,204,204,204,204,204,204,204,204,204,204,204,204,204,204,204,204,204
204,204,204,204,204,204,204,204,204,204,204,204,204,204,204,204,204,204,204,204,204,204,204,204,204,204,204,204,204,204,204,204,204,204,204,204,204,204,204,204,204,204,204,204,204,204,204,204,204,204
204,204,204,204,204,204,204,204,204,204,204,204,204,204,204,204,204,204,204,204,204,204,204,204,204,204,204,204,204,204,204,204,204,204,204,204,204,204,204,204,204,204,204,204,204,204,204,204,204,204
204,204,204,204,204,204,204,204,204,204,204,204,204,204,204,204,204,204,204,204,204,204,204,204,204,204,204,204,204,204,204,204,204,204,204,204,204,204,204,204,204,204,204,204,204,204,204,204,204,204
204,204,204,204,204,204,204,204,204,204,204,204,204,204,204,204,204,204,204,204,204,204,204,204,204,204,204,204,204,204,204,204,204,204,204,204,204,204,204,204,204,204,204,204,204,204,204,204,204,204
204,204,204,204,204,204,204,204,204,204,204,204,204,204,204,204,204,204,204,204,204,204,204,204,204,204,204,204,204,204,204,204,204,204,204,204,204,204,204,204,204,204,204,204,204,204,204,204,204,204
204,204,204,204,204,204,204,204,204,204,204,204,204,204,204,204,204,204,204,204,204,204,204,204,204,204,204,204,204,204,204,204,204,204,204,204,204,204,204,204,204,204,204,204,204,204,204,204,204,204
204,204,204,204,204,204,204,204,204,204,204,204,204,204,204,204,204,204,204,204,204,204,204,204,204,204,204,204,204,204,204,204,204,204,204,204,204,204,204,204,204,204,204,204,204,204,204,204,204,204
204,204,204,204,204,204,204,204,204,204,204,204,204,204,204,204,204,204,204,204,204,204,204,204,204,204,204,204,204,204,204,204,204,204,204,204,204,204,204,204,204,204,204,204,204,204,204,204,204,204
204,204,204,204,204,204,204,204,204,204,204,204,204,204,204,204,204,204,204,204,204,204,204,204,204,204,204,204,204,204,204,204,204,204,204,204,204,204,204,204,204,204,204,204,204,204,204,204,204,204
204,204,204,204,204,204,204,204,204,204,204,204,204,204,204,204,204,204,204,204,204,204,204,204,204,204,204,204,204,204,204,204,204,204,204,204,204,204,204,204,204,204,204,204,204,204,204,204,204,204
204,204,204,204,204,204,204,204,204,204,204,204,204,204,204,204,204,204,204,204,204,204,204,204,204,204,204,204,204,204,204,204,204,204,204,204,204,204,204,204,204,204,204,204,204,204,204,204,204,204
204,204,204,204,204,204,204,204,204,204,204,204,204,204,204,204,204,204,204,204,204,204,204,204,204,204,204,204,204,204,204,204,204,204,204,204,204,204,204,204,204,204,204,204,204,204,204,204,204,204
204,204,204,204,204,204,204,204,204,204,204,204,204,204,204,204,204,204,204,204,204,204,204,204,204,204,204,204,204,204,204,204,204,204,204,204,204,204,204,204,204,204,204,204,204,204,204,204,204,204
204,204,204,204,204,204,204,204,204,204,204,204,204,204,204,204,204,204,204,204,204,204,204,204,204,204,204,204,204,204,204,204,204,204,204,204,204,204,204,204,204,204,204,204,204,204,204,204,204,204
204,204,204,204,204,204,204,204,204,204,204,204,204,204,204,204,204,204,204,204,204,204,204,204,204,204,204,204,204,204,204,204,204,204,204,204,204,204,204,204,204,204,204,204,204,204,204,204,204,204
204,204,204,204,204,204,204,204,204,204,204,204,204,204,204,204,204,204,204,204,204,204,204,204,204,204,204,204,204,204,204,204,204,204,204,204,204,204,204,204,204,204,204,204,204,204,204,204,204,204
204,204,204,204,204,204,204,204,204,204,204,204,204,204,204,204,204,204,204,204,204,204,204,204,204,204,204,204,204,204,204,204,204,204,204,204,204,204,204,204,204,204,204,204,204,204,204,204,204,204
204,204,204,204,204,204,204,204,204,204,204,204,204,204,204,204,204,204,204,204,204,204,204,204,204,204,204,204,204,204,204,204,204,204,204,204,204,204,204,204,204,204,204,204,204,204,204,204,204,204
204,204,204,204,204,204,204,204,204,204,204,204,204,204,204,204,204,204,204,204,204,204,204,204,204,204,204,204,204,204,204,204,204,204,204,204,204,204,204,204,204,204,204,204,204,204,204,204,204,204
204,204,204,204,204,204,204,204,204,204,204,204,204,204,204,204,204,204,204,204,204,204,204,204,204,204,204,204,204,204,204,204,204,204,204,204,204,204,204,204,204,204,204,204,204,204,204,204,204,204
204,204,204,204,204,204,204,204,204,204,204,204,204,204,204,204,204,204,204,204,204,204,204,204,204,204,204,204,204,204,204,204,204,204,204,204,204,204,204,204,204,204,204,204,204,204,204,204,204,204
204,204,204,204,204,204,204,204,204,204,204,204,204,204,204,204,204,204,204,204,204,204,204,204,204,204,204,204,204,204,204,204,204,204,204,204,204,204,204,204,204,204,204,204,204,204,204,204,204,204
204,204,204,204,204,204,204,204,204,204,204,204,204,204,204,204,204,204,204,204,204,204,204,204,204,204,204,204,204,204,204,204,204,204,204,204,204,204,204,204,204,204,204,204,204,204,204,204,204,204
204,204,204,204,204,204,204,204,204,204,204,204,204,204,204,204,204,204,204,204,204,204,204,204,204,204,204,204,204,204,204,204,204,204,204,204,204,204,204,204,204,204,204,204,204,204,204,204,204,204
204,204,204,204,204,204,204,204,204,204,204,204,204,204,204,204,204,204,204,204,204,204,204,204,204,204,204,204,204,204,204,204,204,204,204,204,204,204,204,204,204,204,204,204,204,204,204,204,204,204
204,204,204,204,204,204,204,204,204,204,204,204,204,204,204,204,204,204,204,204,204,204,204,204,204,204,204,204,204,204,204,204,204,204,204,204,204,204,204,204,204,204,204,204,204,204,204,204,204,204
204,204,204,204,204,204,204,204,204,204,204,204,204,204,204,204,204,204,204,204,204,204,204,204,204,204,204,204,204,204,204,204,204,204,204,204,204,204,204,204,204,204,204,204,204,204,204,204,204,204
204,204,204,204,204,204,204,204,204,204,204,204,204,204,204,204,204,204,204,204,204,204,204,204,204,204,204,204,204,204,204,204,204,204,204,204,204,204,204,204,204,204,204,204,204,204,204,204,204,204
204,204,204,204,204,204,204,204,204,204,204,204,204,204,204,204,204,204,204,204,204,204,204,204,204,204,204,204,204,204,204,204,204,204,204,204,204,204,204,204,204,204,204,204,204,204,204,204,204,204
204,204,204,204,204,204,204,204,204,204,204,204,204,204,204,204,204,204,204,204,204,204,204,204,204,204,204,204,204,204,204,204,204,204,204,204,204,204,204,204,204,204,204,204,204,204,204,204,204,204
204,204,204,204,204,204,204,204,204,204,204,204,204,204,204,204,204,204,204,204,204,204,204,204,204,204,204,204,204,204,204,204,204,204,204,204,204,204,204,204,204,204,204,204,204,204,204,204,204,204
204,204,204,204,204,204,204,204,204,204,204,204,204,204,204,204,204,204,204,204,204,204,204,204,204,204,204,204,204,204,204,204,204,204,204,204,204,204,204,204,204,204,204,204,204,204,204,204,204,204
204,204,204,204,204,204,204,204,204,204,204,204,204,204,204,204,204,204,204,204,204,204,204,204,204,204,204,204,204,204,204,204,204,204,204,204,204,204,204,204,204,204,204,204,204,204,204,204,204,204
204,204,204,204,204,204,204,204,204,204,204,204,204,204,204,204,204,204,204,204,204,204,204,204,204,204,204,204,204,204,204,204,204,204,204,204,204,204,204,204,204,204,204,204,204,204,204,204,204,204
204,204,204,204,204,204,204,204,204,204,204,204,204,204,204,204,204,204,204,204,204,204,204,204,204,204,204,204,204,204,204,204,204,204,204,204,204,204,204,204,204,204,204,204,204,204,204,204,204,204
204,204,204,204,204,204,204,204,204,204,204,204,204,204,204,204,204,204,204,204,204,204,204,204,204,204,204,204,204,204,204,204,204,204,204,204,204,204,204,204,204,204,204,204,204,204,204,204,204,204
204,204,204,204,204,204,204,204,204,204,204,204,204,204,204,204,204,204,204,204,204,204,204,204,204,204,204,204,204,204,204,204,204,204,204,204,204,204,204,204,204,204,204,204,204,204,204,204,204,204
204,204,204,204,204,204,204,204,204,204,204,204,204,204,204,204,204,204,204,204,204,204,204,204,204,204,204,204,204,204,204,204,204,204,204,204,204,204,204,204,204,204,204,204,204,204,204,204,204,204
204,204,204,204,204,204,204,204,204,204,204,204,204,204,204,204,204,204,204,204,204,204,204,204,204,204,204,204,204,204,204,204,204,204,204,204,204,204,204,204,204,204,204,204,204,204,204,204,204,204
204,204,204,204,204,204,204,204,204,204,204,204,204,204,204,204,204,204,204,204,204,204,204,204,204,204,204,204,204,204,204,204,204,204,204,204,204,204,204,204,204,204,204,204,204,204,204,204,204,204
204,204,204,204,204,204,204,204,204,204,204,204,204,204,204,204,204,204,204,204,204,204,204,204,204,204,204,204,204,204,204,204,204,204,204,204,204,204,204,204,204,204,204,204,204,204,204,204,204,204
204,204,204,204,204,204,204,204,204,204,204,204,204,204,204,204,204,204,204,204,204,204,204,204,204,204,204,204,204,204,204,204,204,204,204,204,204,204,204,204,204,204,204,204,204,204,204,204,204,204
204,204,204,204,204,204,204,204,204,204,204,204,204,204,204,204,204,204,204,204,204,204,204,204,204,204,204,204,204,204,204,204,204,204,204,204,204,204,204,204,204,204,204,204,204,204,204,204,204,204
204,204,204,204,204,204,204,204,204,204,204,204,204,204,204,204,204,204,204,204,204,204,204,204,204,204,204,204,204,204,204,204,204,204,204,204,204,204,204,204,204,204,204,204,204,204,204,204,204,204
204,204,204,204,204,204,204,204,204,204,204,204,204,204,204,204,204,204,204,204,204,204,204,204,204,204,204,204,204,204,204,204,204,204,204,204,204,204,204,204,204,204,204,204,204,204,204,204,204,204
204,204,204,204,204,204,204,204,204,204,204,204,204,204,204,204,204,204,204,204,204,204,204,204,204,204,204,204,204,204,204,204,204,204,204,204,204,204,204,204,204,204,204,204,204,204,204,204,204,204
204,204,204,204,204,204,204,204,204,204,204,204,204,204,204,204,204,204,204,204,204,204,204,204,204,204,204,204,204,204,204,204,204,204,204,204,204,204,204,204,204,204,204,204,204,204,204,204,204,204
204,204,204,204,204,204,204,204,204,204,204,204,204,204,204,204,204,204,204,204,204,204,204,204,204,204,204,204,204,204,204,204,204,204,204,204,204,204,204,204,204,204,204,204,204,204,204,204,204,204
[METADATA]
